Chara
1 
20 
20 
10 
15 
10 
15 
4 
0 
22 
0 
3 
210 
42 
206 
42 
220 
42 
221 
11 
0 
21 
0 
0 
0 
0 
0 
51 
50 
0 
0 
0 
0 
0 
1 
0 
0 
0 
1 
0 
0 
0 
0 
3 
0 
0 
0 
0 
0 
0 
0 
0 
35 
6 
1993 
0 
1 
0 
0 
1 
0 
0 
1 
0 
1 
1 
0 
0 
0 
0 
0 
0 
4 
0 
5 
0 
-1 
0 
0 
0 
0 
0 
0 
0 
2 
1 
1 
0 
2 
151 
0 
1 
0 
-1 
0 
0 
0 
1 
0 
4 
0 
0 
0 
0 
4 
1 
4 
0 
8 
0 
2 
0 
0 
0 
0 
1 
0 
4 
2 
1 
1 
0 
3 
0 
1 
0 
0 
2 
4 
0 
0 
0 
2 
0 
0 
0 
0 
0 
0 
1 
0 
1 
0 
1 
1 
0 
0 
0 
0 
0 
0 
0 
0 
0 
0 
0 
0 
0 
0 
1 
0 
1 
1 
1 
0 
1 
0 
0 
1 
1 
1 
1 
1 
1 
1 
0 
1 
1 
1 
0 
1 
1 
1 
1 
1 
0 
0 
0 
0 
0 
0 
0 
0 
0 
0 
0 
0 
0 
0 
0 
0 
0 
0 
0 
0 
0 
0 
0 
0 
0 
0 
0 
0 
0 
0 
0 
0 
0 
0 
0 
0 
0 
0 
0 
0 
0 
0 
0 
0 
205 
0 
0 
0 
0 
0 
0 
0 
0 
0 
0 
0 
0 
0 
0 
0 
0 
0 
0 
0 
0 
0 
0 
0 
0 
0 
0 
0 
0 
0 
0 
0 
0 
0 
0 
0 
0 
0 
0 
0 
0 
0 
0 
0 
0 
0 
0 
0 
0 
0 
1 
0 
0 
0 
1 
0 
0 
0 
0 
0 
1 
0 
0 
0 
0 
0 
0 
0 
0 
0 
1 
0 
0 
0 
0 
2 
0 
0 
0 
0 
2 
0 
0 
1 
0 
0 
0 
0 
0 
1 
0 
0 
0 
0 
0 
0 
0 
0 
0 
0 
14 
0 
0 
0 
0 
0 
0 
0 
0 
0 
0 
0 
0 
0 
0 
0 
0 
0 
0 
0 
0 
0 
0 
0 
0 
0 
0 
0 
0 
0 
0 
0 
0 
0 
0 
0 
0 
0 
0 
0 
0 
0 
0 
0 
0 
0 
0 
0 
0 
0 
0 
1400 
1 
1 
2 
1 
1 
3 
3 
0 
0 
0 
0 
0 
0 
0 
0 
0 
0 
26 
2 
1 
0 
1 
1 
1 
0 
0 
120 
4 
77 
1 
5 
0 
0 
2 
1 
0 
0 
5 
0 
2 
0 
0 
0 
6 
6 
0 
5 
1 
1 
0 
0 
0 
0 
0 
0 
0 
4 
0 
0 
0 
0 
2 
0 
1 
1 
1 
1 
0 
0 
1 
0 
0 
0 
0 
1 
0 
0 
0 
0 
1 
1 
0 
1 
2 
3 
2 
0 
0 
2 
1 
0 
0 
0 
0 
0 
0 
0 
0 
17 
0 
1 
1 
1 
2 
1 
0 
1 
3 
5 
0 
0 
0 
0 
1 
0 
0 
0 
0 
0 
0 
0 
0 
0 
0 
0 
0 
0 
0 
0 
0 
0 
0 
0 
0 
0 
0 
0 
0 
0 
0 
1 
0 
0 
0 
5 
0 
0 
0 
0 
0 
0 
0 
0 
0 
0 
0 
0 
0 
0 
0 
208 
1 
1 
1 
329 
236 
408148 