Chara
1 
20 
20 
10 
10 
10 
0 
4 
0 
47 
0 
3 
210 
40 
206 
40 
220 
42 
221 
42 
0 
42 
0 
42 
0 
0 
0 
47 
4 
0 
0 
0 
0 
0 
1 
0 
0 
0 
1 
1 
0 
0 
0 
3 
1 
0 
0 
0 
0 
0 
0 
0 
35 
6 
1917 
0 
1 
0 
0 
1 
0 
0 
1 
0 
1 
1 
0 
0 
0 
0 
0 
0 
4 
0 
5 
0 
-1 
0 
0 
0 
0 
0 
0 
0 
2 
1 
1 
0 
2 
151 
0 
1 
0 
-1 
0 
0 
0 
1 
0 
4 
0 
0 
0 
0 
4 
1 
4 
0 
8 
0 
2 
0 
0 
0 
0 
1 
0 
4 
2 
1 
1 
0 
3 
0 
1 
0 
0 
2 
4 
0 
0 
0 
2 
0 
0 
0 
0 
0 
0 
1 
0 
1 
0 
0 
0 
0 
0 
0 
0 
0 
0 
0 
0 
0 
0 
0 
0 
0 
0 
1 
0 
1 
1 
1 
0 
1 
0 
0 
1 
1 
1 
1 
1 
1 
1 
0 
1 
1 
1 
0 
1 
1 
1 
1 
1 
0 
0 
0 
0 
0 
0 
0 
0 
0 
0 
0 
0 
0 
0 
0 
0 
0 
0 
0 
0 
0 
0 
0 
0 
0 
0 
0 
0 
0 
0 
0 
0 
0 
0 
0 
0 
0 
0 
0 
0 
0 
0 
0 
0 
205 
0 
0 
0 
0 
0 
0 
0 
0 
0 
0 
0 
0 
0 
0 
0 
0 
0 
0 
0 
0 
0 
0 
0 
0 
0 
0 
0 
0 
0 
0 
0 
0 
0 
0 
0 
0 
0 
0 
0 
0 
0 
0 
0 
0 
0 
0 
0 
0 
0 
1 
0 
0 
0 
1 
0 
0 
0 
0 
0 
1 
0 
0 
0 
0 
0 
0 
0 
0 
0 
1 
0 
0 
0 
0 
2 
0 
0 
0 
0 
2 
0 
0 
1 
0 
0 
0 
0 
0 
1 
0 
0 
0 
0 
0 
0 
0 
0 
0 
0 
14 
11 
0 
0 
0 
0 
0 
0 
0 
0 
0 
0 
0 
0 
0 
0 
0 
0 
0 
0 
0 
0 
0 
0 
0 
0 
0 
0 
0 
0 
0 
0 
0 
0 
0 
0 
0 
0 
0 
0 
0 
0 
0 
0 
0 
0 
0 
0 
0 
0 
0 
1400 
1 
1 
2 
1 
1 
3 
3 
0 
0 
0 
0 
0 
0 
0 
0 
0 
0 
26 
2 
1 
0 
1 
1 
1 
0 
0 
120 
4 
77 
1 
5 
0 
0 
2 
1 
0 
0 
5 
0 
2 
0 
0 
0 
6 
6 
0 
4 
1 
1 
0 
0 
0 
0 
0 
0 
0 
4 
0 
0 
0 
0 
2 
0 
1 
1 
1 
1 
0 
0 
1 
0 
0 
0 
0 
1 
0 
0 
0 
0 
0 
0 
0 
0 
2 
3 
2 
0 
0 
2 
1 
0 
0 
0 
0 
0 
0 
0 
0 
0 
0 
0 
0 
0 
0 
0 
0 
1 
3 
3 
1 
0 
0 
0 
1 
0 
0 
0 
0 
0 
0 
0 
0 
0 
0 
0 
0 
0 
0 
0 
0 
0 
0 
0 
0 
0 
0 
0 
0 
0 
0 
0 
0 
0 
0 
5 
0 
0 
0 
0 
0 
0 
0 
0 
0 
0 
0 
0 
0 
0 
0 
185 
1 
1 
1 
296 
210 
348838 