Chara
1 
20 
20 
10 
15 
10 
15 
4 
0 
22 
0 
0 
210 
0 
206 
0 
220 
0 
221 
0 
0 
0 
0 
0 
0 
0 
0 
51 
50 
0 
0 
0 
0 
0 
1 
0 
0 
1 
1 
1 
0 
0 
0 
3 
0 
0 
0 
0 
0 
0 
0 
0 
42 
6 
2219 
0 
1 
0 
0 
1 
0 
0 
1 
0 
1 
1 
0 
0 
0 
0 
0 
0 
4 
0 
5 
0 
-1 
0 
0 
0 
0 
0 
0 
0 
2 
1 
1 
0 
2 
151 
0 
1 
0 
-1 
0 
0 
0 
1 
0 
4 
0 
0 
0 
0 
4 
1 
4 
0 
8 
0 
2 
0 
0 
0 
0 
1 
0 
4 
2 
1 
1 
0 
3 
0 
1 
0 
0 
2 
4 
0 
0 
0 
2 
0 
0 
0 
0 
3 
0 
1 
0 
1 
0 
1 
1 
0 
0 
0 
0 
0 
0 
0 
0 
0 
0 
0 
0 
0 
0 
1 
0 
1 
1 
1 
0 
1 
0 
0 
1 
1 
1 
1 
1 
1 
1 
0 
1 
1 
1 
0 
1 
1 
1 
1 
1 
1 
0 
0 
0 
0 
0 
0 
0 
0 
0 
0 
0 
0 
0 
0 
0 
0 
0 
0 
0 
0 
0 
0 
0 
0 
0 
0 
0 
0 
0 
0 
0 
0 
0 
0 
0 
0 
0 
0 
0 
0 
0 
0 
0 
205 
0 
0 
0 
0 
0 
0 
0 
0 
0 
0 
0 
0 
0 
0 
0 
0 
0 
0 
0 
0 
0 
0 
0 
0 
0 
0 
0 
0 
0 
0 
0 
0 
0 
0 
0 
0 
0 
0 
0 
0 
0 
0 
0 
0 
0 
0 
0 
0 
0 
1 
0 
0 
0 
1 
0 
0 
0 
0 
0 
1 
0 
0 
0 
0 
0 
0 
0 
0 
0 
1 
0 
0 
0 
0 
2 
0 
0 
0 
0 
2 
0 
0 
1 
0 
0 
0 
0 
0 
1 
0 
0 
0 
0 
0 
0 
0 
0 
0 
0 
14 
0 
0 
0 
0 
0 
0 
0 
0 
0 
0 
0 
0 
0 
0 
0 
0 
0 
0 
0 
0 
0 
0 
0 
0 
0 
0 
0 
0 
0 
0 
0 
0 
0 
0 
0 
0 
0 
0 
0 
0 
0 
0 
0 
0 
0 
0 
0 
0 
0 
0 
1400 
1 
1 
2 
1 
1 
3 
3 
0 
0 
0 
0 
0 
0 
0 
0 
0 
0 
26 
2 
1 
0 
1 
1 
1 
0 
0 
120 
4 
77 
1 
5 
0 
0 
2 
1 
0 
0 
5 
0 
2 
0 
0 
0 
6 
6 
0 
0 
1 
1 
0 
0 
0 
0 
0 
0 
0 
4 
0 
0 
0 
0 
2 
0 
1 
1 
1 
1 
0 
0 
1 
0 
0 
0 
0 
1 
0 
0 
0 
0 
1 
1 
0 
1 
2 
3 
2 
0 
0 
2 
1 
0 
0 
0 
0 
0 
0 
0 
0 
17 
0 
1 
1 
1 
2 
1 
0 
1 
3 
9 
1 
0 
0 
0 
1 
0 
0 
0 
0 
0 
0 
0 
0 
0 
0 
0 
0 
0 
0 
0 
3 
3 
3 
3 
1 
10 
0 
1 
1 
1 
1 
0 
12 
0 
0 
5 
0 
0 
0 
0 
0 
0 
0 
0 
0 
0 
0 
0 
0 
0 
0 
208 
1 
1 
1 
301 
236 
486045 